Matrix A:
2	45	13	24	37	21	
22	35	20	18	25	43	
13	24	14	43	17	35	
16	14	9	47	46	26	
28	43	42	33	43	12	
7	28	46	7	25	18	

Matrix B:
18	14	26	31	49	41	
9	43	45	24	44	27	
5	5	47	19	40	31	
9	4	35	33	32	19	
46	3	36	5	9	7	
5	24	13	14	23	34	

A x B: 
2529	2739	5133	2660	4182	3129	
2338	3092	5176	3223	5208	4446	
1864	2347	4648	3239	4587	3741	
3128	1821	5108	3148	4276	3412	
3436	3000	7496	4170	6663	4947	
1911	2067	4983	2371	4278	3389	
A + B: 
20	59	39	55	86	62	
31	78	65	42	69	70	
18	29	61	62	57	66	
25	18	44	80	78	45	
74	46	78	38	52	19	
12	52	59	21	48	52	
